MY_ACCOUNT_ID = 0.0.30771595
MY_PRIVATE_KEY = 302e020100300506032b657004220420382162309d41113bfa7bd2e7d7f076b4cd3e6ced7b83e2e788e66ffeccb24817
OPERATOR_ID = 0.0.30772700
OPERATOR_PVKEY = 302e020100300506032b657004220420382162309d41113bfa7bd2e7d7f076b4cd3e6ced7b83e2e788e66ffeccb24818
TREASURY_ID = 0.0.30772702
TREASURY_PVKEY = 302e020100300506032b657004220420382162309d41113bfa7bd2e7d7f076b4cd3e6ced7b83e2e788e66ffeccb24819
ALICE_ID = 0.0.30772703
ALICE_PVKEY = 302e020100300506032b657004220420382162309d41113bfa7bd2e7d7f076b4cd3e6ced7b83e2e788e66ffeccb24810